2753
2362
2382
1997
2262
2368
2936
2417
2363
2401
2473
2611
2486
2203
2734
2536
2288
2233
2662
2495
2275
2301
2449
2561
2691
2472
2418
2603
2416
2472
2566
2687
2386
2549
2344
2350
2320
2493
2597
2503
2274
2465
2487
2412
2649
2315
2631
2639
2577
2351
2780
2681
2608
2438
2532
2667
2498
2813
2616
2212
2461
2522
2128
2493
2533
2442
2617
2509
2444
2622
2677
2550
2774
2653
2276
2308
2443
2573
2520
2236
2555
2317
2524
2750
2479
2552
2587
2284
2204
2345
2285
2560
2206
2412
2444
2511
2467
2436
2777
2420
2377
2313
2556
2336
2742
2336
2620
2550
2279
2256
2305
2373
2674
2485
2717
2546
2386
2269
2344
2712
2627
2566
2363
2344
2309
2389
2226
2399
2352
2523
2481
2513
2707
2380
2413
2003
2456
2549
2543
2382
2534
2330
2551
2444
2286
2498
2436
2578
2485
2574
2552
2174
2553
2516
2582
2784
2332
2451
2590
2192
2557
2531
2666
2545
2829
2572
2573
2127
2411
2641
2355
2698
2356
2207
2785
2613
2486
2484
2319
2653
2841
2409
2210
2420
2379
2304
2476
2583
2431
2387
2594
2226
2533
2490
2210
2500
2607
2325
2645
2407
2305
2396
2492
2423
2635
2445
2460
2311
2297
2330
2286
2483
2241
2594
2467
2647
2440
2592
2377
2442
2475
2588
2499
2400
2456
2596
2411
2705
2520
2517
2625
2348
2511
2541
2477
2439
2701
2246
2509
2729
2424
2393
2227
2556
2401
2577
2185
2511
2344
2816
2123
2668
2685
2461
2319
2483
2532
2437
2422
2416
2599
2431
2278
2440
2732
2069
2507
2303
2481
2549
2630
2295
2449
2084
2639
2266
2715
2521
2479
2467
2218
2209
2528
2594
2303
2290
2155
2804
2429
2503
2250
2361
2335
2137
2572
2226
2401
2504
2571
2845
2586
2840
2357
2128
2385
2446
2681
2679
2658
2580
2912
2387
2742
2606
2550
2560
2711
2362
2540
2307
2638
2294
2803
2491
2315
2444
2784
2684
1976
2363
2408
2297
2378
2582
2469
2624
2278
2618
2731
2466
2291
2448
2336
2081
2307
2331
2821
2628
2681
2465
2381
2396
2654
2673
2628
2403
2511
2374
2521
2468
2431
2732
2592
2336
2430
2263
2528
2767
2510
2278
2263
2539
2411
2601
2177
2655
2227
2800
2537
2747
2486
2601
1960
2838
2243
2421
2366
2747
2568
2294
2488
2493
2255
2501
2266
2663
2585
2776
2212
2189
2446
2400
2614
2374
2577
2654
2767
2539
2794
2538
2474
2613
2334
2620
2499
2621
2405
2281
2796
2658
2351
2384
2389
2377
2301
2684
2597
2439
2490
2479
2568
2692
2589
2438
2553
2558
2405
2617
2494
2174
2498
2377
2449
2194
2577
2766
2524
2592
2558
2421
2446
2586
2665
2641
2511
2903
2435
2508
2561
2364
2560
2173
2412
2561
2550
2466
2730
2473
2424
2538
2622
2480
2581
2392
2464
2315
2498
2752
2632
2611
2808
2584
2494
2357
2454
2389
2470
2226
2400
2558
2261
2416
2596
2188
2707
2572
2514
2414
2316
2648
2467
2747
2613
2417
2573
2399
2588
2232
2487
2619
2789
2263
2258
2656
2595
2422
2536
2283
2269
2494
2465
2451
2563
2661
2724
2647
2407
2453
2528
2455
2371
2272
2500
2434
2543
2640
2199
2524
2756
2633
2375
2514
2281
2513
2638
2616
2445
2411
2966
2413
2726
2458
2274
2860
2435
2662
2533
2407
2497
2616
2320
2686
2339
2522
2126
2492
2738
2350
2457
2400
2374
2495
2549
2457
2496
2433
2401
2422
2304
2428
2470
2392
2599
1845
2540
2297
2429
2574
2321
2513
2260
2071
2368
2598
2667
2357
2818
2362
2360
2689
2401
2756
2459
2554
2174
2519
2725
2386
2163
2545
2466
2603
2623
2266
2439
2583
2187
2692
2408
2087
2381
2358
2520
2456
2479
2262
2162
2613
2666
2444
2394
2423
2598
2513
2570
2628
2510
2296
2527
2127
2625
2510
2434
2409
2562
2459
2744
2681
2652
2684
2632
2699
2583
2474
2453
2244
2478
2542
2559
2290
2344
2278
2538
2382
2437
2445
2309
2584
2521
2627
2388
2467
2317
2201
2331
2420
2330
2269
2668
2977
2662
2599
2596
2491
2300
2322
2275
2305
2414
2450
2579
2560
2608
2361
2622
2632
2765
2547
2320
2547
2415
2260
2365
2374
2586
2407
2526
2573
2668
2678
2788
2372
2102
2627
2390
2497
2401
2024
2531
2414
2353
2704
2626
2633
2339
2477
2196
2546
2520
2296
2582
2292
2643
2771
2733
2521
2264
2450
2428
2212
2382
2519
2523
2553
2608
2596
2434
2565
2514
2801
2722
2538
2454
2348
2343
2535
2460
2443
2460
2420
2577
2544
2372
2632
2393
2416
2274
2644
2232
2579
2583
2419
2481
2402
2474
2688
2315
2140
2335
2551
2222
2448
2536
2637
2485
2530
2648
2408
2462
2691
2377
2437
2607
2332
2467
2647
2731
2615
2361
2418
2566
2414
2175
2561
2655
2352
2253
2327
2410
2233
2620
2376
2607
2360
2399
2433
2289
2545
2789
2512
2531
2908
2491
2271
2463
2550
2676
2326
2579
2675
2749
2626
2807
2556
2366
2426
2182
2435
2544
2192
2485
2739
2573
2541
2592
2316
2212
2310
2427
2380
2345
2359
2623
2462
2522
2514
2469
2430
2472
2430
2566
2346
2630
2649
2380
2435
2474
2582
2394
2267
2711
2655
2444
2402
2358
2491
2293
2217
2468
2673
2662
2651
2373
2173
2806
2356
2495
2561
2457
2688
2658
2465
2442
2452
2742
2768
2566
2376
2740
2271
2123
2596
2602
2226
2533
2443
2067
2569
2389
2592
2647
2613
2400
2769
2269
2722
2312
2142
2480
2516
2593
2388
2656
2722
2313
2529
2633
2541
2510
2444
2722
2633
2501
2158
2606
2449
2374
2563
2831
2410
2597
2664
2454
2388
2465
2866
2527
2759
2563
2217
2727
2364
2430
2254
2404
2495
2702
2770
2440
2686
2474
2563
2587
2565
2458
2352
2343
2829
2476
2402
2500
2410
2584
2388
2590
2410
2607
2483
2297
2705
2925
2534
2196
2446
2771
2641
2307
2531
2471
2495
2854
2549
2611
2497
2370
2556
2243
2415
2414
2551
2280
2835
2790
1982
2394
2507
2905
2562
2727
2655
2496
2465
2455
2343
2653
2400
2501
2592
2351
2442
2491
2539
2551
2596
2550
2255
2425
2560
2242
2932
2390
2587
2204
2557
2482
2641
2620
2429
2632
2692
2359
2392
2448
2331
2544
2343
2469
2793
2214
2456
2539
2471
2569
2064
2361
2628
2653
2722
2667
2733
2407
2339
2558
2422
2031
2527
2248
2551
2266
2571
2342
2395
2494
2263
2551
2456
2573
2323
2333
2502
2330
2221
2541
2455
2356
2372
2509
2650
2371
2470
2424
2438
2682
2427
2472
2389
2516
2472
2486
2508
2257
2507
2604
2363
2372
2497
2241
2452
2701
2527
2432
2413
2393
2634
2487
2310
2220
2230
2420
2183
2501
2535
2709
2536
2648
2641
2445
2613
2703
2547
2311
2631
2555
2611
2349
2446
2389
2477
2501
2394
2805
2693
2760
2345
2550
2283
2487
2529
2141
2788
2304
2354
2317
2276
2300
2362
2299
2548
2472
2374
2307
2523
2226
2180
2571
2468
2308
2341
2424
2539
2494
2523
2634
2551
2551
2279
2548
2256
2262
2617
2513
2663
2810
2424
2776
2424
2279
2274
2611
2628
2492
2648
2489
2450
2535
2242
2562
2584
2604
2686
2447
2344
2360
2481
2341
2740
2291
2319
2481
2385
2309
2253
2638
2158
2335
2543
2590
2680
2337
2602
2649
2463
2394
2618
2525
2280
2601
2591
2771
2651
2750
2463
2523
2634
2502
2650
2690
2562
2447
2479
2255
2386
2343
2328
2567
2824
2468
2280
2441
2549
2562
2665
2122
2380
2528
2194
2756
2225
2822
2089
2233
2658
2535
2675
2355
2347
2407
2031
2377
2555
2361
2656
2230
2415
2580
2494
2342
2343
2574
2499
2468
2725
2231
2547
2553
2556
2381
2443
2166
2572
2213
2108
2319
2355
2304
2429
2831
2846
2592
2632
2249
2247
2390
2561
2485
2726
2458
2854
2394
2395
2198
2332
2384
2447
2438
2389
2908
2430
2525
2060
2526
2222
2729
2585
2359
2384
2276
2553
2692
2229
2389
2567
2560
2233
2372
2492
2420
2703
2392
2585
2563
2386
2421
2330
2368
2490
2567
2679
2129
2112
2364
2406
2411
2267
2322
2423
2645
2493
2480
2476
2622
2127
2404
2343
2404
2673
2588
2690
2525
2395
2076
2542
2610
2257
2730
2294
2397
2654
2302
2307
2316
2605
2586
2544
2238
2121
2730
2576
2734
2217
2736
2388
2865
2396
2498
2401
2505
2531
2497
2397
2777
2697
2460
2296
2472
2443
2463
2408
2701
2511
2409
2547
2470
2608
2572
2391
2543
2229
2135
2476
2868
2332
2758
2619
2294
2390
2102
2628
2438
2215
2432
2528
2883
2386
2322
2573
2545
2437
2360
2721
2480
2554
2592
2475
2584
2610
2824
2550
2330
2240
2492
2563
2517
2333
2873
2709
2424
2259
2501
2433
2193
2607
2586
2572
2442
2490
2427
2616
2539
2559
2630
2303
2245
2601
2480
2408
2484
2258
2561
2136
2526
2623
2555
2389
2367
2490
2845
2492
2809
2336
2464
2677
2804
2562
2336
2434
2456
2473
2329
2413
2432
2825
2276
2482
2289
2599
2198
2480
2573
2363
2395
2479
2386
2423
2512
2163
2508
2406
2041
2614
2709
2353
2619
2382
2405
2608
2381
2446
2493
2249
2189
2602
2393
2432
2316
2436
2656
2563
2270
2233
2264
2618
2616
2375
2463
2166
2770
2531
2379
2724
2654
2623
2445
2389
2442
2466
2612
2689
2473
2341
2395
2548
2504
2453
2620
2408
2771
2277
2498
2170
2328
2201
2075
2456
2507
2369
2490
2408
2429
2674
2298
2079
2680
2561
2365
2466
2804
2623
2346
2500
2177
2629
2729
2368
2419
2405
2511
2312
2561
2665
2420
2638
2184
2364
2471
2159
2703
2482
2594
2587
2778
2575
2767
2718
2374
2609
2501
2498
2454
2249
2350
2554
2555
2775
2369
2543
2245
2227
2153
2265
2617
2446
2390
2642
2319
2418
2138
2292
2359
2391
2432
2466
2506
2336
2371
2813
2674
2408
2349
2351
2519
2470
2120
2585
2561
2469
2496
2601
2679
2463
2604
2490
2844
2711
2506
2210
2507
2142
2666
2543
2273
2404
2494
2254
2631
2409
2487
2601
2489
2403
2552
2433
2530
2306
2447
2316
2289
2423
2507
2300
2579
2565
2476
2598
2705
2943
2679
2413
2380
2021
2634
2333
2323
2322
2581
2375
2434
2028
2494
2579
2405
2621
2348
2196
2445
2387
2482
2545
2572
2448
2531
2601
2204
2619
2670
2193
2603
2512
2475
2603
2400
2814
2533
2458
2463
2875
2419
2356
2493
2361
2535
2546
2441
2640
2564
2767
2416
2372
2265
2296
2621
2275
2554
2771
2596
2499
2676
2369
2353
2490
2513
2580
2399
2517
2299
2417
2732
2380
2557
2606
2638
2638
2356
2410
2497
2196
2304
2432
2471
2325
2673
2390
2476
2671
2502
2600
2573
2622
2319
2414
2649
2482
2566
2757
2347
2880
2461
2713
2494
2575
2750
2354
2456
2517
2356
2518
2626
2628
2378
2480
2456
2394
2625
2298
2812
2261
2526
2198
2484
2535
2231
2596
2568
2390
2340
2403
2503
2264
2478
2624
2459
2471
2597
2296
2555
2667
2400
2590
2444
2615
2324
2466
2482
1981
2599
2475
2413
2688
2434
2464
2312
2084
2563
2719
2617
2421
2765
2404
2351
2734
2149
2497
2598
2634
2455
2733
2151
2458
2222
2362
2520
2241
2279
2389
2527
2253
2469
2352
2320
2401
2547
2332
2278
2488
2429
2501
2552
2724
2400
2285
2336
2859
2343
2640
2488
2362
2371
2638
2171
2302
2553
2354
2322
2519
2536
2528
2553
2319
2553
2709
2579
2507
2328
2417
2486
2767
2478
2256
2716
2575
2319
2500
2326
2919
2736
2437
2509
2539
2394
2361
2699
2358
2559
2584
2325
2663
2524
2628
2347
2475
2752
2752
2281
2729
2337
2302
2465
2454
2456
1998
2486
2561
2378
2623
2289
2744
2140
2357
2256
2427
2348
2384
2369
2506
2356
2307
2372
2423
2292
2259
2379
2696
2503
2384
2363
2541
2553
2545
2394
2435
2453
2725
2096
2444
2511
2545
2335
2524
2579
2286
2431
2627
2602
2609
2594
2198
2760
2288
2453
2476
2382
2660
2430
2175
2389
2719
2762
2255
2497
2542
2580
2623
2088
2536
2485
2392
2245
2625
2499
2502
2391
2605
2504
2370
2685
2847
2507
2689
2607
2433
2451
2289
2478
2489
2459
2433
2603
2387
2582
2514
2560
2638
2350
2436
2213
2439
2541
2312
2258
2554
2360
2223
2616
2338
2497
2521
2343
2416
2274
2277
2602
2640
2243
2498
2328
2413
2425
2236
2538
2564
2497
2631
2340
2565
2400
2644
2205
2250
2366
2219
2055
2843
2605
2382
2746
2617
2517
2591
2489
2444
2203
2409
2422
2439
2393
2419
2353
2333
2317
2237
2622
2399
2352
2615
2309
2549
2468
2273
2663
2638
2804
2570
2684
2434
2464
2576
2499
2616
2510
2525
2892
2573
2396
2586
2318
2583
2651
2433
2449
2508
2350
2403
2521
2602
2619
2417
2356
2424
2488
2350
2578
2270
2527
2747
2312
2312
2867
2524
2442
2167
2256
2360
2297
2390
2363
2413
2423
2256
2428
2317
2402
2454
2642
2453
2592
2329
2154
2600
2312
2671
2654
2505
2626
2657
2232
2493
2562
2386
2217
2438
2773
2695
2498
2356
2415
2270
2292
2826
2509
2691
2302
2325
2568
2486
2473
2560
2753
2373
2292
2495
2620
2280
2401
2568
2270
2275
2728
2678
2409
2562
2347
2820
2424
2729
2765
2617
2365
2803
2463
2332
2801
2398
2449
2549
2474
2447
2217
2440
2343
2567
2402
2299
2162
2626
1909
2499
2430
2249
2668
2665
2540
2694
2777
2404
3096
2371
2708
2469
2452
2617
2863
2248
2258
2522
2598
2537
2359
2416
2535
2393
2483
2508
2656
2544
2410
2460
2546
2374
2424
2758
2213
2481
2203
2519
2557
2397
2487
2176
2612
2543
2282
2589
2336
2410
2471
2773
2505
2889
2652
2505
2430
2481
2314
2668
2408
2677
2290
3017
2314
2801
2704
2747
2437
2477
2648
2472
2627
2448
2724
2647
2627
2666
2316
2392
2877
2179
2680
2438
2347
2347
2474
2620
2607
2524
2471
2174
2602
2440
2411
2438
2700
2500
2498
2492
2245
2283
2542
2157
2389
2479
2296
2757
2620
2078
2743
2351
2593
2499
2533
2539
2288
2539
2597
2346
2609
2758
2324
2494
2572
2213
2684
2329
2389
2640
2472
2565
2527
2287
2541
2223
2411
2547
2390
2151
2679
2455
2617
2469
2817
2502
2366
2293
2577
2514
2169
2536
2703
2492
2666
2520
2670
2487
2158
2244
2658
2412
2459
2662
2167
2480
2476
2287
2314
2430
2534
2535
2580
2316
2533
2693
2435
2513
2463
2313
2274
2241
2464
2588
2536
2245
2523
2688
2635
2760
2478
2428
2341
2371
2388
2462
2641
2642
2529
2594
2433
2501
2510
2524
2578
2433
2361
2250
2639
2430
2834
2624
2698
2338
2417
2597
2585
2225
2521
2562
2471
2512
2607
2219
2391
2421
2119
2234
2616
2587
2307
2650
2347
2441
2487
2593
2577
1990
2615
2327
2210
2436
2551
2482
2544
2635
2232
2672
2456
2647
2814
2278
2380
2546
2453
2655
2701
2441
2735
2352
2275
2659
2525
2394
2227
2666
2481
2633
2404
2386
2377
2265
2499
2636
2358
2463
2580
2720
2539
2792
2583
2167
2601
2651
2566
2375
2558
2142
2474
2278
2564
2663
2526
2703
2434
2480
2619
2519
2292
2433
2686
2326
2750
2709
2332
2685
2675
2502
2328
2241
2412
2520
2816
2565
2334
2503
2263
2343
2432
2305
2515
2511
2308
2314
2238
2514
2273
2706
2457
2728
2017
2557
2513
2466
2548
2587
2458
2372
2552
2460
2374
2409
2225
2744
2557
2637
2040
2635
2607
2648
2626
2550
2523
2320
2295
2707
2603
2574
2689
2256
2572
2206
2683
2361
2451
2521
2123
2624
2694
2495
2675
2468
2507
2591
2480
2632
2440
2630
2760
2713
2414
2638
2545
2598
2919
2502
2462
2124
2505
2491
2521
2673
2227
2629
2345
2582
2668
2569
2146
2394
2320
2298
2698
2493
2629
2805
2258
2500
2911
2186
2443
2581
2833
2654
2413
2269
2438
2503
2576
2440
2583
2509
2367
2321
2369
2309
2393
2476
2538
2611
2701
2675
2602
2503
2501
2578
2528
2480
2089
2535
2482
2504
2695
2364
2289
2272
2608
2774
2716
2146
2477
2386
2308
2604
2498
2540
2671
2155
2732
2391
2396
2341
2602
2484
2359
2465
2758
2415
2504
2533
2618
2887
2523
2371
2716
2554
2366
2460
2231
2355
2558
2519
2299
2277
2530
2516
2555
2375
2479
2554
2424
2396
2447
2392
2310
2443
2410
2543
2442
2729
2477
2220
2412
2839
2399
2373
2454
2394
2427
2369
2614
2728
2697
2442
2090
2330
2366
2693
2381
2500
2280
2370
2555
1969
2170
2411
2664
2199
2122
2427
2382
2331
2572
2352
2328
2223
2443
2634
2490
2777
2218
2840
2417
2583
2545
1933
2441
2589
2375
2317
2582
2534
2870
2619
2699
2310
2399
2323
2357
2519
2599
2561
2289
2536
2640
2841
2367
2878
2469
2383
2300
2449
2505
2201
2509
2424
2483
2610
2717
2541
2640
2493
2356
2616
2290
2398
2789
2247
2356
2333
2212
2205
2672
2439
2660
2268
2164
2565
2472
2590
2227
2182
2604
2294
2496
2445
2505
2469
2669
2568
2485
2402
2702
2303
2563
2420
2476
2667
2619
2601
2289
2177
2619
2656
2812
2090
2498
2686
2293
2655
2391
2196
2486
2224
2332
2286
2655
2481
2363
2583
2698
2533
2336
2916
2307
2375
2422
2770
2681
2443
2467
2631
2272
2484
2388
2108
2791
2438
2455
2600
2207
2651
2781
2262
2477
2398
2287
2537
2458
2549
2732
2589
2480
2655
2748
2178
2520
2565
2388
2174
2605
2457
2846
2525
2141
2550
2588
2667
2404
2460
2851
2364
2474
2419
2282
2370
2265
2529
2627
2425
2758
2480
2468
2572
2612
2829
2294
2428
2834
2650
2276
2484
2483
2686
2577
2408
2695
2484
2338
2643
2371
2658
2527
2046
2483
2775
2601
2741
2413
2463
2560
2532
2500
2620
2425
2102
2502
2722
2740
2631
2577
2294
2443
2266
2364
2666
2425
2455
2534
2674
2410
2661
2424
2439
2013
2374
2371
2537
2539
2547
2539
2680
2439
2243
2484
2551
2523
2483
2606
2449
2576
2561
2597
2476
2797
2471
2582
2301
2133
2518
2540
2539
2496
2396
2285
2446
2373
2619
2651
2363
2276
2740
2303
2556
2574
2471
2149
2493
2625
2599
2350
2298
2317
2399
2387
2581
2676
2491
2579
2604
2486
2514
2407
2483
2571
2589
2467
2773
2939
2451
2383
2454
2517
2476
2194
2408
2724
2283
2663
2519
2421
2230
2718
2503
2344
2465
2341
2491
2376
2223
2308
2497
2530
2514
2507
2587
2143
2219
2407
2320
2324
2717
2413
2495
2564
2433
2375
2508
2217
2375
2222
2441
2628
2596
2704
2386
2562
2370
2313
2294
2558
2243
2288
2700
2366
2549
2945
2165
2501
2517
2486
2622
2442
2408
2732
2284
2431
2753
2459
2525
2567
2384
2390
2546
2242
2699
2408
2296
2642
2263
2771
2407
2533
2772
2715
2569
2094
2352
2355
2251
2319
2396
2031
2485
2353
2407
2395
2505
2689
2321
2822
2483
2751
2475
2112
2732
2364
2512
2672
2277
2262
2439
2610
2589
2698
2602
2693
2333
2558
2486
2554
2403
2473
2507
2512
2249
2758
2450
2617
2666
2398
2436
2392
2271
2109
2428
2656
2694
2204
2255
2243
2746
2446
2712
2536
2728
2421
2412
2154
2499
2587
2249
2288
2509
2268
2421
2536
2490
2438
2587
2145
2505
2666
2380
2506
2395
2304
2623
2328
2408
2503
2793
2283
2462
2702
2290
2346
2639
2580
2416
2822
2140
2459
2534
2240
2495
2635
2703
2332
2578
2538
2568
2311
2564
2516
2517
2501
2541
2124
2470
2621
2569
2327
2369
2735
2317
2469
2571
2531
2398
2344
2552
2424
2681
2588
2678
2275
2303
2700
2841
2565
2394
2630
2644
2605
2360
2391
2476
2646
2201
2453
2568
2531
2504
2733
2693
2289
2345
2489
2779
2576
2498
2444
2386
2516
2807
2378
2346
2132
2545
2641
2636
2545
2270
2464
2586
2614
2519
2423
2095
2693
2324
2372
2334
2436
2204
2435
2379
2308
2173
2538
2549
2335
2409
2289
2529
2187
2600
2372
2446
2617
2199
2398
2427
2430
2701
2285
2534
2728
2618
2263
2328
2742
2136
2587
2434
2270
2357
2684
2461
2631
2256
2366
2425
2583
2316
2631
2533
2441
2298
2459
2658
2161
2531
2430
2283
2427
2471
2356
2295
2575
2597
2165
2372
2712
2427
2408
2546
2372
2428
2807
2450
2497
2596
2417
2650
2538
2721
2281
2245
2455
2327
2302
2411
2332
2547
2393
2307
2495
2449
2406
2549
2282
2407
2325
2365
2452
2500
2368
2309
2535
2502
2416
2537
2152
2191
2512
2404
2476
2682
2743
2549
2521
2459
2432
2574
2813
2608
2501
2438
2102
2661
2471
2689
2652
2360
2444
2379
2465
2214
2758
2595
2397
2731
2432
2659
2521
2412
2479
2567
2389
2639
2654
2446
2379
2436
2344
2418
2379
2845
2623
2343
2440
2310
2752
2518
2373
2087
2551
2223
2217
2156
2267
2500
2528
2636
2388
2599
2530
2310
2450
2448
2639
2674
2596
2806
2388
2468
2629
2046
2488
2312
2574
2526
2289
2255
2367
2350
2624
2500
2350
2227
2244
2740
2356
2479
2392
2379
2505
2619
2113
2419
2875
2638
2474
2098
2521
2309
2501
2412
2307
2400
2351
2618
2347
2269
2503
2501
2482
2534
2350
2340
2600
2590
2648
2726
2291
2465
2425
2497
2332
2434
2417
2164
2225
2519
2534
2401
2469
2384
2382
2404
2398
2570
2460
2432
2433
2836
2355
2360
2493
2540
2514
2630
2431
2384
2431
2226
2610
2375
2462
2629
2397
2109
2373
2359
2466
2151
2392
2253
2538
2404
2663
2207
2613
2316
2693
2677
2224
2405
2485
2691
2506
2464
2802
2417
2789
2623
2604
2463
2293
2494
2482
2395
2497
2425
2496
2206
2468
2526
2256
2263
2175
2460
2465
2228
2129
2663
2604
2264
2539
2078
2734
2472
2277
2675
2288
2955
2528
2314
2478
2314
2184
2952
2552
2455
2339
2786
2467
2441
2183
2621
2567
2263
2364
2392
2607
2470
2289
2268
2451
2800
2516
2305
2658
2412
2338
2508
2530
2434
2428
2690
2424
2431
2666
2543
2380
2570
2190
2266
2365
2373
2666
2393
2328
2618
2774
2427
2362
2509
2238
2656
2580
2221
2472
2289
2469
2260
2439
2282
2523
2763
2360
2340
2270
2212
2451
2429
2613
2501
2332
2522
2291
2488
2617
2284
2419
2310
2422
2560
2512
2163
2249
2516
2296
2778
2240
2454
2398
2449
2162
2239
2218
2537
2467
2492
2450
2834
2405
2412
2558
2383
2575
2415
2475
2297
2527
2451
2430
2499
2689
2387
2491
2460
2404
2451
2469
2522
2533
2525
2634
2649
2437
2462
2471
2251
2657
2566
2668
2277
2298
2702
2802
2560
2419
2475
2313
2211
2204
2646
2327
2513
2538
2384
2376
2781
2075
2326
2399
2440
2900
2298
2742
2488
2630
2405
2181
2379
2551
2608
2318
2512
2591
2442
2513
2457
2402
2268
2387
2656
2244
2636
2715
2750
2437
2401
2266
2280
2360
2256
2412
2265
2694
2358
2579
2630
2299
2203
2316
2640
2728
2672
2706
2444
2293
2307
2479
2570
2384
2757
2526
2641
2428
2676
2416
2462
2352
2506
2545
2555
2374
2713
2469
2589
2339
2579
2578
2636
2720
2658
2610
2667
2462
2442
2271
2478
2589
2758
2702
2492
2412
2329
2514
2352
2515
2602
2283
2252
2357
2211
2546
2052
2654
2274
2342
2346
2608
2223
2565
2646
2501
2079
2487
2581
2658
2417
2280
2235
2708
2277
2355
2274
2438
2468
2422
2446
2557
2396
2494
2611
2862
2527
2600
2606
2277
2400
2450
2696
2618
2266
2445
2415
2453
2356
2173
2557
2420
2512
2643
2320
2005
2604
2677
2489
2289
2584
2601
2576
2315
2635
2695
2479
1995
2525
2785
2279
2788
2464
2154
2493
2613
2301
2667
2134
2512
2471
2522
2238
2236
2525
2477
2382
2252
2266
2364
2339
2549
2337
2195
2480
2272
2505
2513
2474
2668
2406
2228
2386
2419
2531
2448
2504
2624
2609
2754
2613
2461
2227
2605
2589
2509
2643
2515
2371
2467
2421
2848
2498
2489
2456
1898
2495
2293
2591
2515
2511
2465
2785
2624
2441
2727
2458
2497
2227
2375
2387
2779
2418
2355
2158
2689
2241
2331
2391
2427
2628
2511
2515
2346
2555
2101
2411
2405
2498
2744
2598
2486
2463
2470
2104
2412
2370
2770
2437
2481
2500
2415
2457
2578
2706
2473
2347
2587
2617
2413
2486
2428
2868
2397
2417
2595
2701
2245
2416
2643
2601
2239
2247
2451
2334
2507
2353
2369
2209
2634
2347
2413
2580
2563
2555
2582
2286
2399
2715
2566
2766
2555
2620
1963
2594
2468
2555
2601
2433
2619
2528
2678
2595
2449
2731
2188
2460
2537
2391
2701
2354
2886
2837
2684
2444
2526
2474
2105
2498
2514
2347
2355
2445
2377
2485
2707
2542
2428
2502
2703
2354
2568
2319
2629
2510
2505
2670
2681
2681
2704
2823
2733
2271
2594
2378
2447
2702
2269
2516
1904
2271
2326
2676
2507
2433
2395
2368
2022
2455
2148
2726
2559
2630
2836
2582
2511
2138
2527
2821
2308
2408
2600
2224
2595
2534
2472
2390
2345
2602
2420
2837
2284
2753
2432
2286
2441
2332
2711
2351
2437
2457
2425
2925
2353
2394
2572
2202
2494
2265
2436
2459
2417
2474
2459
2542
2604
2480
2548
2520
2308
2581
2820
2585
2530
2520
2613
2583
2646
2774
2660
2433
2397
2274
2354
2755
2606
2025
2552
2754
2345
2448
2714
2561
2158
2543
2544
2622
2696
2710
2486
2406
2828
2588
2500
2151
2611
2556
2707
2463
2749
2306
2560
2757
2772
2340
2808
2402
2300
2271
2556
2460
2409
2402
2228
2536
2411
2494
2669
2618
2451
2285
2473
2856
2496
2517
2475
2538
2136
2328
2343
2574
2560
2426
2582
2732
2671
2351
2503
2840
2474
2371
2398
2562
2433
2605
2582
2273
2438
2550
2422
2610
2417
2493
2253
2411
2495
2417
2494
2507
2447
2625
2303
2533
2666
2291
2535
2424
2369
2483
2417
2357
2345
2710
2464
2255
2698
2576
2345
2593
2359
2503
2640
2632
2521
2387
2352
2720
2501
2515
2514
2431
2619
2498
2470
2535
2528
2582
2787
2719
2772
2049
2681
2599
2541
2308
2512
2048
2348
2503
2278
2500
2440
2472
2629
2395
2547
2401
2322
2436
2328
2456
2436
2463
2324
2707
2441
2458
2696
2665
2295
2539
2141
2483
2690
2495
2643
2362
2304
2486
2625
2723
2453
2369
2153
2376
2764
2548
2876
2794
2531
2352
2376
2519
2448
2619
2536
2181
2497
2392
2560
2712
2436
2627
2734
2269
2225
2561
2046
2631
2567
2192
2219
2596
2829
2485
2610
2324
2567
2106
2443
2625
2567
2397
2326
2452
2547
2188
2339
2468
2352
2544
2376
2468
2564
2303
2561
2231
2556
2553
2277
2417
2781
2453
2449
2302
2570
2364
2482
2295
2456
2571
2589
2218
2516
2407
2664
2583
2713
2448
2646
2496
2450
2369
2444
2215
2134
2644
2472
1943
2602
2572
2400
2403
2323
2265
2386
2464
2771
2550
2419
2409
2354
2521
2366
2559
2352
2653
2400
2490
2454
2644
2364
2455
2552
2394
2298
2679
2184
2512
2633
2528
2617
2740
2567
2359
2417
2332
2475
2848
2538
2528
2523
2483
2283
2481
2409
2403
2652
2417
2545
2656
2469
2203
2560
2456
2498
2309
3078
2459
2577
2887
2426
2625
2455
2220
2346
2659
2542
2487
2466
2472
2316
2338
2427
2249
2429
2367
2792
2334
2398
2435
2252
2328
2669
2454
2451
2226
2376
2542
2456
2704
2701
2413
2419
2507
2791
2495
2576
2266
2197
2222
2688
2195
2545
2449
2377
2708
2419
2483
2457
2538
2384
2369
2555
2499
2341
2438
2242
2693
2491
2426
2511
2588
2474
2621
2506
2713
2611
2454
2418
2742
2740
2415
2711
2412
2370
2588
2545
2368
2446
2631
2418
2535
2659
2629
2461
2320
2445
2513
2090
2654
2518
2330
2486
2485
2673
2358
2559
2225
2375
2392
2391
2553
2237
2485
2593
2649
1993
2258
2214
2345
2383
2476
2712
2337
2804
2268
2199
2219
2286
2441
2524
2539
2453
2631
2476
2472
2655
2562
2231
2473
2616
2577
2764
2500
2579
2233
2456
2374
2273
2462
2420
2520
2283
2398
2487
2324
2166
2451
2342
2436
2452
2545
2329
2783
2361
2381
2797
2484
2591
2249
2796
2778
2678
2565
2743
2478
2789
2523
2471
2177
2504
2569
2286
2432
2485
2312
2280
2421
2459
2502
2355
2597
2484
2192
2485
2507
2655
2260
2320
2383
2541
2408
2691
2511
2259
2479
2499
2865
2388
2117
2620
2289
2300
2581
2474
2456
2824
2646
2150
2565
2479
2238
2518
2703
2235
2404
2080
2624
2394
2512
2446
2482
2392
2746
2678
2167
2399
2580
2441
2813
2503
2447
2533
2554
2447
2228
2207
2274
2505
2513
2327
2611
2359
2557
2252
2610
2422
2702
2622
2400
2623
2381
2389
2379
2422
2258
2438
2403
2623
2382
2695
2496
2301
2528
2490
2433
2530
2449
2685
2699
2365
2630
2495
2388
2511
2391
2505
2594
2338
2577
2407
2403
2546
2517
2327
2523
2310
2719
2493
2115
2725
2453
2541
2512
2746
2596
2471
2669
2299
2494
2017
2366
2477
2551
2285
2474
2406
2154
2444
2341
2607
2402
2680
2594
2662
2453
2587
2590
2698
2287
2658
2129
2459
2476
2830
2510
2308
2638
2380
2688
2270
2569
2294
2228
2234
2217
2646
2449
2549
2581
2418
2715
2459
2516
2442
2552
2438
2370
2447
2520
2489
2234
2443
2159
2469
2547
2348
2486
2476
2498
2538
2477
2628
2500
2570
2593
2439
2198
2430
2478
2450
2781
2821
2972
2516
2396
2553
2594
2281
2401
2606
2820
2543
2334
2736
2514
2506
2612
2287
2676
2493
2252
2307
2225
2517
2490
2432
2613
2323
2368
2646
2532
2465
2323
2424
2443
2564
2540
2357
2138
2200
2338
2350
2631
2637
2454
2385
2679
2510
2195
2407
2474
2539
2264
2281
2364
2011
2432
2300
2819
2486
2438
2343
2245
2623
2328
2673
2465
2274
2639
2444
2480
2416
2844
2333
2670
2475
2461
2532
2476
2377
2305
2572
2523
2665
2623
2455
2529
2410
2215
2376
2520
2429
2453
2298
2522
2318
2628
2452
2496
2574
2133
2601
2544
2607
2550
2138
2442
2477
2351
2354
2177
2458
2126
2515
1905
2823
2296
2455
2421
2625
2631
2419
2492
2480
2516
2503
2357
2552
2491
2607
2748
2596
2168
2649
2447
2528
2613
2602
2807
2362
2385
2522
2247
2458
2242
2466
2456
2336
2331
2431
2470
2480
2597
2709
2258
2472
2624
2747
2432
2426
2504
2527
2611
2626
2530
2627
2470
2516
2137
2139
2680
2474
2428
2265
2583
2061
2201
2572
2386
2441
2669
2634
2599
2477
2176
2537
2549
2805
2579
2517
2318
2412
2180
2478
2457
2342
2331
2348
2199
2417
2431
2921
2533
2850
2712
2426
2624
2797
2476
2188
2638
2491
2363
2628
2143
2526
2400
2338
2288
2605
2806
2333
2507
2467
2408
2312
2505
2202
2467
2331
2613
2439
2466
2609
2490
2422
2568
2573
2359
2460
2848
2460
2144
2358
2615
2331
2312
2475
2468
2531
2674
2562
2461
2667
2519
2267
2357
2457
2227
2428
2409
2483
2476
2340
2257
2267
2234
2349
2381
2556
2262
2660
2342
2424
2399
2119
2274
2495
2585
2497
2463
2309
2326
1986
2299
2328
2583
2533
2411
2585
2484
2596
2455
2390
2766
2476
2506
2370
2756
2547
2775
2344
2391
2174
2709
2383
2328
2560
2406
2420
2330
2427
2695
2784
2367
2173
2620
2609
2349
2382
2356
2136
2173
2636
2560
2514
2566
2495
2466
2562
2406
2444
2531
2571
2571
2645
2554
2700
2135
2374
2468
2603
2633
2616
2308
2338
2307
2737
2607
2677
2368
2153
2338
2565
2717
2354
2251
2413
2512
2510
2601
2376
2626
2324
2463
2671
2585
2658
2646
2601
2283
2612
2479
2414
2454
2505
2700
2493
2839
2618
2206
2530
2425
2335
2277
2637
2780
2304
2524
2372
2491
2577
2697
2457
2433
2247
2718
2655
2909
2271
2658
2658
2720
2801
2705
2250
2395
2351
2246
2595
2180
2567
2498
2585
2581
2460
2294
2375
2550
2480
2487
2331
2374
2450
2389
2463
2494
2465
2542
2388
2607
2335
2731
2321
2416
2721
2589
2261
2483
2450
2315
2571
2511
2577
2502
2738
2802
2652
2388
2588
2615
2600
2294
2071
2283
2678
2535
2574
2067
2430
2540
2532
2637
2668
2393
2419
2478
2579
2167
2517
2536
2609
2544
2265
2519
2413
2555
2470
2696
2173
2397
2617
2363
2370
2493
2407
2752
2573
2324
2499
2429
2648
2596
2447
2614
2239
2524
2510
2364
2445
2574
2760
2579
2409
2507
2701
2477
2268
2416
2529
2295
2423
2320
2459
2485
2857
2335
2828
2377
2695
2533
2683
2390
2472
2653
2051
2512
2456
2551
2529
2428
2379
2641
2090
2671
2630
2171
2334
2514
2628
2523
2274
2446
2590
2397
2798
2748
2237
2560
2421
2591
2370
2402
2329
2513
2825
2533
2554
2419
2502
2426
2619
2362
2506
2773
2548
2814
2512
2475
2181
2229
2594
2443
2647
2581
2529
2531
2490
2344
2741
2122
2141
2538
2173
2512
2538
2568
2752
2574
2511
2444
2410
2617
2680
2211
2442
2605
2283
2399
2727
2641
2196
2518
2461
2233
2464
2766
2687
2521
2837
2592
2702
2373
2394
2602
2573
2694
2330
2571
2555
2500
2154
2497
2449
2419
2283
2153
2259
2265
2401
2325
2728
2668
2466
2013
2649
2519
2659
2810
2334
2675
2356
2488
2411
2621
2364
2489
2282
2272
2376
2362
2286
2622
2408
2554
2270
2603
2519
2376
2506
2272
2618
2455
2832
2555
2620
2684
2619
2230
2408
2365
2464
2405
2648
2751
2426
2542
2503
1820
2255
2624
2702
2468
2196
2459
2172
2577
2208
2221
2300
2550
2482
2181
2907
2601
2735
2502
2501
2589
2597
2513
2371
2836
2454
2396
2505
2458
2341
2358
2536
2335
2330
2349
2556
2274
2506
2482
2287
2611
2221
2411
2401
2736
2571
2557
2917
2500
2617
2668
2217
2362
2389
2508
2622
2528
2337
2576
2538
2482
2323
2558
2765
2420
2449
2660
2486
2380
2605
2435
2818
2455
2544
2424
2525
2564
2417
2348
2190
2664
2899
2208
2727
2387
2610
2383
2494
2299
2361
2436
2395
2592
2183
2424
2430
2467
2593
2175
2389
2503
2225
2685
2370
2390
2268
2626
2676
2532
2693
2570
2409
2649
2262
2266
2540
2557
2276
2253
2358
2145
2563
2135
2327
2661
2369
2463
2171
2261
2360
2671
2435
2063
2736
2545
2633
2580
2569
2582
2472
2493
2411
2275
2772
2638
2697
2240
2482
2453
2375
2469
2511
2511
2291
2685
2276
2442
2358
2474
2451
2123
2413
2641
2585
2616
2476
2394
2310
2572
2448
2646
2719
2608
2271
2636
2680
2379
2555
2683
2446
2413
2805
2388
2521
2612
2562
2442
2547
2572
2918
2554
2432
2478
2529
2315
2545
2413
2676
2565
2405
2255
2541
2666
2390
2622
2619
2247
2304
2350
2410
2587
2326
2395
2684
2338
2660
2735
2568
2405
2482
2496
2894
2789
2267
2369
2529
2519
2496
2578
2564
2538
2506
2466
2460
2512
2287
2643
2607
2855
2386
2312
2290
2411
2553
2587
2330
2481
2291
2480
2618
2644
2785
2326
2577
2971
2184
2842
2463
2392
2581
2253
2249
2534
2672
2396
2553
2528
2326
2576
2506
2289
2439
2293
2463
2291
2494
2493
2348
2536
2673
2414
2451
2609
2288
2347
2606
2576
2368
2119
2431
2250
2567
2499
2582
2277
2640
2555
2465
2315
2792
2533
2504
2655
2437
2432
2439
2637
2396
2194
2435
2302
2205
2469
2577
2499
2422
2654
2624
2403
2285
2392
2423
2351
2531
2336
2420
2179
2462
2617
2537
2420
2525
2505
2335
2539
2553
2780
2272
2196
2554
2522
2545
2176
2424
2358
2448
2907
2025
2350
2230
2657
2446
2524
2836
2684
2662
2284
2377
2618
2238
2587
2345
2736
2449
2748
2664
2474
2505
2654
2635
2478
2519
2614
2512
2391
2432
2631
1870
2454
2551
2668
2431
2578
2759
2490
2467
2338
2581
2548
2803
2447
2394
2285
2209
2430
2404
2715
2227
2367
2550
2875
2724
2240
2689
2473
2270
2490
2337
2238
2331
2425
2442
2429
2513
2612
2551
2501
2465
2549
2669
2536
2396
2532
2261
2448
2903
2232
2165
2093
2594
2695
2172
2675
2626
2452
2268
2266
2453
2581
2476
2497
2669
2381
2373
2373
2435
2315
2430
2350
2533
2462
2683
2588
2550
2438
2676
2521
2600
2233
2611
2220
2440
2391
2644
2414
2502
2485
2492
2531
2348
2584
2444
2214
2691
2271
2413
2550
2507
2740
2639
2299
2508
2581
2397
2525
2345
2582
2643
2560
2509
2477
2529
2561
2387
2277
2534
2402
2487
2367
2774
2516
2325
2587
2265
2546
2281
2599
2421
2350
2410
2676
2476
2800
2327
2844
2163
2462
2214
2124
2448
2373
2402
2525
2513
2557
2380
2539
2631
2526
2563
2239
2527
2520
2530
2555
2256
2533
2455
2382
2480
2397
2754
2714
2432
2501
2358
2332
2636
2746
2324
2379
2596
2141
2639
2205
2366
2419
2260
2224
2416
2654
2312
2401
2213
2798
2461
2783
2458
2708
2633
2473
2240
2228
2788
2845
2505
2624
2812
2771
2332
2463
2374
2540
2477
2338
2512
2538
2290
2449
2463
2316
2829
2549
2438
2363
2350
2358
2355
2572
2629
2508
2175
2725
2346
2542
2326
2619
2950
2356
2473
2391
2388
2529
2333
2251
2426
2492
2412
2699
2500
2577
2692
2404
2508
2719
2207
2298
2467
2331
2481
2730
2323
2448
2391
2512
2538
2021
2595
2335
2875
2406
2605
2687
2386
2098
2589
2702
2635
2341
2606
2435
2634
2403
2482
2409
2153
2594
2728
2318
2456
2723
2515
2244
2667
2479
2416
2315
2695
2721
2374
2592
2280
2734
2604
2363
2302
2315
2881
2441
2511
2631
2337
2570
2487
2321
2385
2708
2357
2468
2650
2617
2532
2698
2466
2098
2356
2372
2579
2292
2466
2434
2494
2403
2329
2369
2419
2425
2174
2460
2438
2556
2448
2456
2409
2536
2455
2691
2285
2362
2439
2586
2352
2504
2775
2328
2428
2093
2453
2484
2668
2539
2620
2617
2384
2458
2434
2734
2330
2297
1990
2595
2248
2592
2469
2483
2739
2550
2294
2474
2559
2414
2497
2437
2559
2571
2519
2292
2171
2397
2745
2271
2465
2619
2476
2540
2354
2635
2708
2616
2139
2552
2174
2545
2709
2587
2504
2499
2431
2317
2570
2676
2526
2593
2565
2589
2473
2644
2433
2472
2230
2395
2672
2500
2526
2351
2448
2799
2571
2400
2352
2349
2128
2508
2350
2203
2588
2395
2294
2460
2236
2440
2267
2390
2384
2612
2189
2577
2677
2445
2245
2409
2291
2405
2327
2508
2648
2495
2366
2537
2683
2247
2660
2317
2523
2804
2293
2290
2309
2488
2483
2643
2498
2399
2376
2428
2518
2526
2672
2478
2620
2424
2611
2541
2452
2790
2607
2287
2451
2776
2468
2655
2267
2575
2259
2606
2568
2423
2304
2433
2786
2469
2522
2719
2807
2590
2488
2471
2219
2528
2255
2262
2325
2727
2400
2326
2453
1930
2215
2714
2349
2138
2379
2588
2177
2574
2663
2567
2630
2501
2591
2617
2491
2597
2305
2298
2388
2675
2432
2526
2147
2594
2611
2484
2096
2489
2545
2608
2169
2582
2701
2428
2270
2339
2543
2183
2444
2269
2431
2316
2506
2297
2806
2303
2456
2355
2549
2285
2379
2533
2329
2645
2335
2592
2589
2594
2599
2713
2363
2413
2511
2329
2170
2737
2755
2422
2577
2349
2319
2335
2632
2312
2658
2474
2360
2536
2602
2605
2471
2465
2511
2486
2488
2574
2530
2468
2488
2590
2521
2113
2598
2446
2279
2514
2342
2425
2504
2844
2522
2642
2404
2367
2654
2493
2542
2455
2654
2775
2409
2458
2489
2664
1927
2513
2258
2668
2533
2504
2575
2587
2216
2199
2440
2338
2375
2487
2478
2586
2131
2564
2473
2830
2609
2452
2314
2586
2314
2620
2476
2766
2799
2309
2474
2197
2212
2336
2211
2402
2866
2435
2672
2524
2517
2588
2680
2307
2421
2592
2745
2552
2824
2335
2436
2448
2760
2289
2144
2442
2416
2648
2449
2296
2396
2537
2352
2564
2468
2738
2217
2574
2336
2571
2434
2650
2322
2365
2127
2733
2481
2641
2836
2463
2686
2622
2386
2167
2384
2400
2816
2506
2608
2235
2404
2418
2361
2713
2693
2458
2672
2569
2453
2195
2586
2546
2491
2407
2475
2822
2388
2753
2508
2252
2462
2498
2426
2766
2372
2427
2482
2414
2241
2475
2533
2394
2487
2534
2492
2301
2663
2649
2560
2627
2476
2623
2330
2456
2658
2458
2399
2470
2497
2606
2358
2138
2928
2811
2360
2388
2509
2641
2417
2544
2296
2493
2537
2297
2635
2548
2593
2536
2629
2388
2257
2527
2417
2441
2414
2062
2765
2684
2407
2629
2622
2467
2448
2535
2232
2435
2617
2461
2289
2749
2423
2543
2572
2483
2378
2592
2582
2386
2767
2246
2297
2370
2367
2518
2026
2712
2351
2343
2353
2153
2711
2360
2563
2731
2673
2264
2040
2492
2412
2491
2328
2374
1972
2390
2495
2458
2412
2660
2492
2554
2670
2282
2546
2469
2343
2823
2195
2494
2588
2408
2653
2624
2360
2512
2430
2561
2335
2362
2148
2421
2443
2729
2584
2556
2380
2478
2387
2173
2443
2530
2486
2499
2648
2430
2532
2215
2445
2552
2712
2778
2628
2254
2445
2621
2688
2343
2318
2520
2376
2439
2612
2612
2247
2286
2668
2087
2577
2758
2480
2938
2560
2098
2663
2345
2261
2667
2481
2251
2478
2736
2675
2483
2310
2338
2559
2298
2404
2647
2394
2604
2396
2559
2474
2654
2359
2324
2466
2159
2662
2586
2208
2611
2433
2675
2409
2540
2361
2506
2615
2519
2415
2572
2701
2121
2574
2431
2521
2494
2445
2560
2434
2203
2683
2449
2616
2567
2278
2586
2390
2658
2176
2258
2392
2463
2300
2249
2428
2226
2635
2561
2706
2419
2572
2316
2804
2377
2412
2133
2513
2326
2762
2536
2447
2596
2847
2412
2373
2560
2476
2438
2499
2584
2464
2300
2571
2340
2572
2330
2306
2421
2676
2353
2907
2307
2174
2456
2464
2564
2485
2614
2467
2658
2683
2350
2545
2649
2379
2037
2630
2369
2395
2620
2222
2259
2776
2561
2378
2466
2439
2754
2463
2227
2425
2284
2751
2499
2629
2779
2733
2527
2761
2501
2345
2489
2348
2531
2361
2476
2361
2547
2327
2362
2334
2738
2319
2344
2404
2452
2170
2658
2383
2530
2518
2381
2580
2836
2520
2485
2475
1960
2324
2400
2551
2493
2620
2504
2576
2277
2555
2496
2650
2873
2685
2321
2208
2734
2754
2667
2514
2529
2578
2515
2521
2605
2479
2621
2454
2676
2585
2286
2411
2681
2515
2391
2290
2600
2488
2234
2442
2705
2729
2311
2245
2776
2614
2621
2529
2413
2521
2572
2128
2426
2621
2499
2618
2297
2526
2437
2384
2314
2395
2578
2558
2767
2493
2233
2275
2476
2499
2555
2424
2607
2556
2650
2390
2368
2273
2460
2672
2443
2660
2335
2209
2532
2519
2469
2729
2171
2588
2470
2062
2322
2769
2709
2427
2553
2435
2428
2624
2520
2233
2510
2431
2547
2473
2842
2716
2383
2598
2291
2545
2597
2556
2548
2177
2344
2480
2481
2211
2177
2507
2647
2320
2520
2459
2246
2287
2572
2629
2255
2413
2465
2403
2253
2503
2521
2433
2900
2258
2538
2658
2353
2596
2641
2633
2428
2533
2295
2254
2317
2466
2743
2719
2544
2608
2139
2458
2286
2409
2461
2630
2456
2634
2247
2394
2626
2366
2426
2454
2287
2556
2469
2358
2222
2466
2872
2087
2200
2572
2463
2287
2561
2465
2452
2519
2285
2444
2283
2549
2715
2494
2572
2557
2312
2545
2467
2729
2593
2449
2356
2324
2702
2320
2585
2284
2646
2502
2665
2587
2749
2333
2665
2450
2289
2641
2597
2706
2466
2516
2605
2260
2383
2300
2623
2370
2517
2847
2548
2543
2765
2616
2407
2724
2367
1905
2515
2452
2623
2571
2524
2260
2444
2272
2484
2234
2388
2399
2511
2695
2554
2509
2526
2474
2690
2707
2433
2492
2443
2359
2312
2411
2473
2438
2402
2740
2481
2551
2713
2467
2331
2471
2447
2463
2514
2418
2762
2584
2990
2580
2304
2518
2824
2835
2403
2386
2561
2352
2488
2349
2558
2476
2631
2525
2490
2619
2591
2605
2520
2055
2546
2315
2375
2680
2269
2434
2458
2208
2216
2574
2658
2489
2714
2473
2484
2746
2238
2327
2463
2071
2513
2297
2159
2670
2630
2369
2740
2612
2454
2570
2293
2568
2111
2370
2515
2398
2361
2448
2179
2540
2480
2548
2460
2442
2393
2374
2279
2552
2305
2372
2330
2383
2485
2462
2394
2311
2344
2559
2429
2447
2514
2567
2612
2389
2357
2474
2263
2577
2288
2570
2433
2125
2685
2509
2418
2468
2491
2459
2537
2421
2424
2191
2613
2241
2423
2783
2431
2483
2703
2373
2505
2306
2600
2563
2445
2483
2488
2671
2298
2402
2503
2518
2670
2551
2162
2802
2642
2279
2390
2578
2277
2323
2341
2344
2651
2292
2377
2398
2708
2414
2510
2597
2394
2613
1989
2293
2483
2451
2201
2707
2257
2397
2389
2480
2413
2630
2305
2686
2854
2608
2299
2376
2315
2711
2643
2635
2548
2474
2458
2269
2480
2491
2605
2536
2543
2416
2256
2510
2531
2892
2176
2248
2706
2493
2545
2472
2536
2466
2370
2636
2401
2551
2422
2560
2424
2686
2603
2545
2461
2370
2467
2573
2608
2532
2281
2028
2535
2655
2686
2470
2730
2424
2248
2736
2614
2524
2250
2444
2167
2640
2511
2548
2486
2321
2846
2406
2284
2320
2395
2337
2501
2744
2607
2543
2634
2512
2383
2582
2615
2465
2221
2666
2470
2432
2300
2639
2576
2251
2553
2495
2528
2435
2277
2145
2488
2359
2402
2564
2276
2537
2541
2331
2628
2089
2358
2670
2686
2376
2528
2370
2176
2446
2416
2365
2621
2608
2814
2495
2459
2297
2485
2262
2898
2120
2426
2514
2684
2766
2180
2396
2580
2858
2318
2402
2153
2701
2384
2556
2295
2595
2402
2229
2510
2658
2219
2382
2661
2151
2390
2413
2349
2485
2638
2538
2444
2443
2479
2759
2559
2282
2541
2279
2863
2381
2628
2410
2422
2366
2304
2610
2626
2390
2311
2561
2538
2453
2520
2398
2356
2689
2549
2582
2401
2705
2593
2256
2730
2479
2542
2551
2425
2452
2370
2442
2242
2501
2431
2256
2415
2716
2374
2631
2659
2286
2365
2372
2840
2406
2396
2629
2457
2315
2441
2386
2529
2522
2841
2603
2424
2816
2441
2723
2515
2484
2760
2177
2632
2427
2495
2986
2446
2305
2669
2350
2442
2489
2339
2700
2495
2387
2152
2723
2361
2498
2453
2555
2358
2350
2597
2461
2414
2399
2826
2682
2516
2635
2570
2328
2377
2448
2717
2474
2520
2621
2577
2695
2360
2440
2711
2360
2638
2480
2538
2359
2261
2690
2643
2537
2500
2788
2421
2255
2836
2284
2486
2173
2615
2379
2503
2514
2394
2252
2450
2683
2455
2356
2450
2676
2436
2423
2474
2463
2374
2445
2510
2156
2537
2464
2489
2149
2312
2480
2561
2586
2604
2581
2548
2456
2585
2663
2459
2487
2620
2465
2392
2381
2495
2654
2647
2381
2418
2368
2518
2309
2398
2539
2505
2536
2357
2401
2249
2368
2331
2838
2216
2221
2147
2543
2601
2384
2660
2558
2328
2759
2393
2456
2661
2567
2727
2523
2205
2367
2506
2656
2391
2348
2588
2424
2496
2334
2249
2425
2458
2635
2594
2423
2661
2678
2548
2365
2348
2202
2139
2205
2298
2734
2636
2181
2371
2365
2448
2544
2424
2649
2542
2233
2595
2729
2173
2509
2437
2278
2673
2675
2478
2364
2331
2267
2757
2418
2495
2607
2522
2342
2283
2588
2454
2682
2690
2448
2478
2409
2540
2375
2446
2587
2276
2230
2427
2408
2801
2397
2125
2716
2526
2561
2715
2550
2534
2312
2423
2541
2317
2553
2614
2378
2462
2482
2440
2778
2377
2352
2554
2703
2642
2805
2662
2534
2443
2501
2224
2461
2392
2411
2325
2572
2360
2432
2274
2675
2044
2567
2572
2481
2478
2375
2288
2514
2268
2690
2501
2436
2363
2623
2742
2191
2372
2526
2781
2586
2346
2351
2749
2600
2318
2759
2408
2615
2108
2216
2728
2471
2364
2404
2535
2742
2590
2336
2428
2305
2351
2750
2472
2341
2727
2548
2650
2632
2490
2446
2637
2752
2391
2421
2568
2337
2501
2589
2569
2624
2593
2575
2684
2366
2044
2547
2566
2564
2358
2401
2300
2331
2468
2405
2646
2237
2395
2382
2291
2678
2467
2534
2607
2569
2229
2497
2619
2346
2340
2530
2340
2170
2217
2515
2219
2380
2644
2524
2699
2691
2606
2812
2341
2676
2463
2661
2327
2260
2470
2620
2477
2734
2375
2277
2424
2393
2402
2648
2394
2511
2613
2503
2521
2470
2390
2556
2706
2561
2260
2343
2428
2494
2468
2515
2712
2976
2150
2431
2448
2549
2617
2452
2273
2604
2572
2561
2336
2430
2459
2531
2441
2560
2563
2394
2412
2559
2467
2634
2364
2438
2424
2229
2524
2654
2229
2660
2324
2590
2391
2288
2485
2459
2507
2204
2581
2669
2396
2689
2535
2571
2208
2677
2259
2272
2685
2732
2278
2564
2386
2496
2380
2573
2296
2274
2319
2399
2861
1908
2597
2845
2373
2631
2363
2568
2493
2137
2196
2312
2382
2435
2539
2729
2665
2382
2563
2686
2550
2316
2707
2360
2361
2472
2380
2254
2638
2583
2629
2623
2611
2683
2552
2386
2461
2428
2622
2501
2258
2370
2528
2633
2625
2625
2290
2514
2429
2246
2561
2579
2467
2356
2519
2453
2496
2475
2187
2724
2581
2605
2176
2309
2392
2606
2392
2575
2406
2375
2421
2833
2221
2608
2568
2408
2648
2466
2661
2499
2588
2358
2424
2636
2538
2332
2378
2518
2603
2460
2474
2720
2186
2524
2472
2530
2498
2217
2302
2363
2446
2305
2508
2604
2524
2237
2258
2815
2768
2559
2490
2363
2698
2433
2443
2540
2540
2574
2686
2646
2434
2685
2413
2371
2335
2651
2698
2485
2212
2151
2389
2623
2456
2528
2293
2607
1986
2460
2452
2486
2384
2400
2767
2125
2604
2242
2235
2513
2514
2240
2155
2622
2461
2564
2429
2798
2259
2553
2650
2593
2059
2287
2680
2376
2595
2688
2190
2524
2416
2315
2759
2396
2438
2696
2556
2554
2320
2323
2449
2309
2691
2381
2710
2255
2476
2442
2394
2342
2477
2693
2663
2545
2634
2557
2614
2637
2154
2665
2452
2504
2339
2585
2462
2621
2378
2245
2428
2400
2382
2346
2448
2576
2524
2979
2223
2377
2433
2284
2517
2114
2671
2130
2443
2656
2342
2629
2422
2463
2398
2517
2228
2331
2374
2648
2560
2597
2762
2561
2427
2538
2667
2490
2352
2556
2300
2654
2641
2692
2358
2551
2659
2530
2614
2687
2379
2441
2509
2645
2581
2540
2592
2359
2504
2651
2479
2433
2486
2259
2324
2520
2392
2398
2360
2666
2408
2557
2268
2369
2436
2792
2787
2501
2355
2376
2743
2671
2400
2599
2016
2485
2271
2266
2577
2478
2420
2420
2705
2282
2553
2426
2268
2509
2397
2740
2847
2246
2562
2259
2418
2589
2491
2395
2221
2601
2297
2314
2614
2267
2426
2544
2518
2308
2465
2352
2486
2397
2723
2388
2365
2689
2382
2681
2291
2625
2158
1964
2224
2453
2211
2398
2471
2408
2367
2614
2188
2175
2578
2355
2488
2741
2591
2703
2298
2484
2598
2264
2712
2549
2440
1993
2531
2605
2269
2495
2437
2638
2631
2543
2585
2484
2275
2580
2477
2683
2533
2541
2590
2303
2528
2445
2630
2274
2506
2690
2494
2149
2512
2512
2588
2737
2613
2428
2219
2480
2474
2118
2453
2393
2307
2677
2333
2544
2723
2560
2675
2252
2537
2319
2444
2387
2297
2332
2470
2637
2518
2489
2501
2622
2157
2277
2572
2229
2460
2196
2538
2602
2653
2532
2621
2324
2351
2347
2498
2551
2345
2339
2374
2644
2609
2392
2564
2355
2559
2023
2516
2572
2465
2572
2977
2395
2493
2468
2456
2161
2533
2424
2618
2548
2332
2235
2370
2585
2249
2614
2617
2576
2612
2255
2137
2418
2418
2487
2432
2443
2363
2789
2444
2359
2694
2359
2595
2667
2579
2095
2592
2404
2424
2400
2336
2402
2246
2593
2332
2262
2409
2589
2391
2411
2563
2571
2557
2202
2315
2363
2460
2394
2447
2263
2520
2469
2357
2641
2439
2572
2231
2442
2348
2630
2569
2095
2327
2574
2395
2390
2419
2399
2544
2437
2267
2273
2554
2732
2459
2823
2432
2573
2605
2629
2286
2591
2745
2373
2538
2809
2400
2725
2560
2529
2473
2668
2433
2761
2660
2448
2644
2628
2555
2274
2414
2465
2610
2493
2564
2559
2510
2607
2701
2434
2653
2559
2688
2744
2517
2609
2540
2701
2525
2568
2594
2733
2546
2586
2525
2360
2241
2362
2552
2548
2295
2500
2471
2433
2600
2443
2665
2836
2747
2389
2627
2390
2488
2276
2213
2345
2470
2460
2589
2392
2762
2397
2292
2573
2623
2300
2500
2265
2453
2850
2419
2488
2586
2232
2381
2511
2540
2274
2511
2363
2569
2540
2561
2503
2398
2375
2484
2458
2406
2544
2736
2181
2393
2604
2067
2526
2377
2458
2283
2435
2240
2550
2225
2781
2422
2738
2296
2299
2690
2510
2470
2618
2780
2283
2431
2751
2399
2567
2540
2553
2753
2755
2460
2461
2427
2472
2563
2244
2862
2573
2436
2611
2787
2470
2452
2540
2496
2433
2683
2361
2321
2423
2428
2550
2619
2384
2726
2310
2355
2640
2509
2358
2672
2760
2428
2430
2642
2367
2541
2615
2379
2469
2628
2448
2164
2508
2308
2521
2423
2574
2318
2456
2448
2325
2633
2274
2511
2445
2707
2578
2388
2207
2083
2610
2321
2664
2093
2333
2356
2366
2421
2602
2009
2141
2562
2765
2697
2386
2476
2268
2648
2812
2451
2444
2503
2581
2526
2354
2251
2243
2297
2393
2588
2239
2892
2562
2411
2380
2012
2410
2488
2757
2364
2371
2565
2654
2641
2538
2714
2716
2020
2360
2363
2290
2302
2377
2345
2244
2558
2514
2612
2575
2480
2415
2584
2280
2179
2517
2694
2744
2654
2650
2597
2378
2326
2286
2341
2278
2399
2676
2683
2675
2507
2550
2130
2300
2399
2668
2481
2392
2444
2327
2768
2166
2433
2399
2479
2641
2060
2632
2634
2533
2590
2772
2446
2333
2841
2472
2400
2577
2599
2426
2457
2473
2534
2421
2388
2535
2526
2530
2253
2394
2312
2538
2609
2285
2487
2476
2830
1940
2789
2311
2503
2669
2333
2509
2566
2063
2521
2233
2507
2340
2288
2390
2405
2473
2422
2735
2264
2481
2490
2406
2495
2493
2495
2647
2440
2476
2416
2431
2452
2487
2458
2589
2188
2488
2506
2435
2673
2480
2520
2346
2534
2649
2214
2444
2473
2638
2324
2495
2531
2261
2075
2467
2612
2505
2356
2517
2689
2344
2472
2694
2347
2447
2678
2443
2699
2592
2222
2445
2401
2450
2392
2373
2435
2268
2699
2597
2480
2570
2303
2293
2353
2614
2412
2767
2302
2687
2288
2498
2426
2447
2199
2638
2569
2398
2403
2459
2313
2187
2598
2581
2571
2521
2618
2371
2309
2435
2571
2322
2588
2744
2676
2380
2433
2468
2007
2104
2426
2435
2417
2485
2700
2847
2691
2403
2528
2449
2376
2329
2565
2486
2194
2274
2590
2319
2566
2694
2585
2563
2455
2520
2465
2330
2428
2540
2353
2328
2413
2678
2596
2361
2423
2436
2358
2407
2631
2385
2703
2565
2263
2556
2369
1936
2550
2532
2170
2229
2516
2258
2417
2578
2795
2729
2332
2566
2562
2623
2590
2456
2285
2677
2621
2538
2451
2418
2398
2566
2507
2422
2359
2508
2390
2488
2645
2866
2687
2396
2214
2550
2482
2351
2441
2242
2625
2402
2116
2751
2439
2816
2709
2432
2470
2515
2486
2182
2263
2648
2522
2768
2632
2536
2277
2351
2292
2319
2583
2541
2549
2396
2626
2583
2358
2466
2492
2449
2196
2753
2545
2514
2396
2813
2350
2465
2598
2400
2664
2336
2755
2158
2436
2415
2263
2410
2262
2438
2448
2315
2414
2151
2527
2557
2487
2129
2438
2375
2689
2778
2104
2333
2674
2295
2581
2039
2473
2465
2158
2504
2702
2545
2513
2247
2332
2318
2137
2563
2571
2296
2168
2382
2697
2423
2379
2739
2989
2536
2489
2296
2352
2613
2564
2553
2278
2264
2386
2979
2329
2515
2575
2408
2567
2378
2379
2303
2581
2412
2452
2590
2736
2754
2330
2570
2527
2349
2443
2342
2584
2656
2306
2229
2603
2671
2553
2695
2608
2501
2614
2504
2978
2467
2522
2430
2560
2541
2341
2360
2202
2372
2817
2728
2540
2542
2490
2741
2582
2422
2721
2765
2692
2390
2644
2090
2409
2453
2276
2629
2509
2522
2191
2749
2636
2286
2470
2419
2443
2449
2483
2393
2232
2482
2464
2346
2449
2368
2483
2552
1951
2278
2572
2830
2223
2361
2354
2644
2789
2833
2456
2606
2395
2504
2304
2485
2803
2500
2303
2317
2541
2563
2528
2772
2750
2331
2547
2819
2451
2589
2306
2263
2623
2457
2619
2420
2510
2688
2502
2531
2310
2368
2604
2336
2564
2737
2555
2357
2533
2535
2122
2513
2505
2334
2421
2472
2425
2526
2227
2674
2588
2371
2518
2495
2516
2302
2617
2738
2577
2528
2713
2602
2308
2459
2513
2533
2495
2528
2376
2627
2241
2411
2339
2214
2313
2840
2744
2702
2815
2916
2533
2600
2509
2354
2360
2501
2513
2328
2509
2419
2473
2667
2519
2571
2395
2851
2842
2451
2299
2218
2176
2411
2454
2521
2200
2340
2683
2408
2473
2346
2690
2524
2655
2573
2332
2173
2361
2375
2239
2284
2595
2555
2360
2477
2560
2536
2450
2533
2636
2357
2483
2589
2602
2889
2558
2111
2310
2472
2491
2456
2460
2822
2359
2485
2572
2380
2815
2546
2206
2297
2565
2635
2390
2460
2453
2588
2612
2354
2376
2614
2539
2338
2464
2714
2725
2487
2480
2418
2577
2686
2526
2468
2445
2631
2237
2530
2638
2267
2491
2447
2366
2250
2085
2433
2288
2440
2546
2371
2436
2108
2468
2363
2401
2546
2382
2664
2310
2309
2492
2659
2480
2115
2154
2133
2294
2575
2351
2422
2613
2210
2325
2606
2265
2486
2305
2294
2336
2571
2604
2668
2042
2457
2419
2510
2353
2454
2548
2568
2446
2473
2340
2423
2356
2468
2427
2224
2382
2445
2331
2496
2678
2445
2520
2526
2654
2554
2405
2149
2244
2527
2264
2504
2451
2107
2389
2626
2249
2553
2306
2565
2373
2297
2504
2373
2620
2365
2475
2462
2480
2309
2834
2407
2344
2563
2233
2528
2597
2750
2830
2489
2445
2608
2353
2160
2714
2309
2416
2403
2609
2372
2215
2575
2426
2253
2435
2574
2464
2496
2544
2373
2353
2616
2524
2311
2322
2237
2098
2464
2531
2339
2660
2379
2568
2436
2669
2098
2532
2241
2487
2381
2432
2520
2134
2449
2428
2666
2489
2478
2513
2468
2555
2345
2552
2549
2642
2447
2519
2711
2347
2387
2221
2331
2726
2710
2420
2335
2341
2466
2318
2604
2544
2276
2538
2526
2377
2561
2585
2461
2288
2603
2159
2426
2328
2306
2611
2729
2468
2023
2574
2339
2264
2644
2300
2431
2870
2528
2436
2607
2491
2813
2395
2395
2762
2754
2848
2417
2396
2328
2376
2693
2469
2335
2429
2670
2471
2570
2563
2215
2622
2500
2572
2476
2372
2405
2674
2011
2782
2772
2705
2509
2369
2504
2408
2270
2203
2719
2593
2279
2465
2865
2268
2540
2565
2517
2421
2484
2339
2489
2429
2364
2369
2125
2575
2512
2450
2546
2509
2476
2279
2581
2474
2501
2464
2664
2613
2456
2632
2564
2359
2530
2747
2532
2566
2223
2317
2467
2546
2155
2197
2486
2296
2596
2415
2558
2561
2256
2390
2386
2540
2099
2625
2811
2687
2378
2667
2413
2443
2221
2389
2363
2376
2582
2641
2261
2544
2121
2502
2692
2444
2281
2399
2565
2282
2511
2607
2490
2516
2347
2409
2556
2391
2611
2557
2511
2604
2373
2241
2619
2427
2338
2581
2643
2152
2642
2536
2532
2461
2315
2164
2096
2666
2799
2675
2432
2874
2535
2418
2735
2572
2406
2762
2359
2488
2479
2487
2663
2516
2649
2377
2442
2241
2564
2129
2383
2441
2354
2750
2430
2534
2350
2357
2419
2366
2669
2502
2632
2300
2530
2563
2413
2590
2329
2519
2656
2463
2621
2355
2559
2291
2727
2586
2212
2442
2185
2651
2617
2356
2229
2689
2721
2736
2306
2474
2222
2535
2254
2398
2788
2500
2603
2360
2308
2405
2848
2511
2310
2369
2351
2429
2408
2570
2260
2375
2533
2579
2666
2582
2585
2600
2603
2341
